[
  0.040615,
  0.040745,
  -0.010361,
  -0.058597,
  -0.038417,
  -0.099777,
  -0.047539,
  -0.018781,
  0.06482,
  0.094503,
  0.076912,
  0.012522,
  -0.00946,
  0.042932,
  -0.064882,
  -0.050699,
  0.047767,
  0.010685,
  -0.24188,
  0.096323,
  -0.117237,
  -0.004263,
  0.01233,
  -0.038348,
  0.104561,
  -0.041743,
  0.037056,
  0.188004,
  0.103331,
  -0.049955,
  0.055379,
  0.020514,
  0.053518,
  -0.049038,
  0.10813,
  0.152439,
  -0.00683,
  -0.019048,
  -0.009679,
  0.053761,
  0.041991,
  0.071388,
  0.055655,
  0.041578,
  0.14776,
  -0.112648,
  0.060978,
  0.06791,
  0.061458,
  -0.035925,
  0.055514,
  0.047153,
  0.03077,
  0.005255,
  0.025515,
  0.006398,
  -0.037343,
  0.051891,
  0.120964,
  0.068712,
  0.212441,
  -0.035745,
  0.448927,
  0.061388,
  -0.01977,
  -0.053362,
  -0.035459,
  -0.199088,
  0.086864,
  -0.048905,
  0.028083,
  -0.026889,
  0.156722,
  0.038407,
  0.141012,
  -0.030749,
  -0.081095,
  0.044397,
  -0.019033,
  -0.008602,
  -0.030912,
  0.03553,
  0.069398,
  0.215092,
  -0.035017,
  0.179378,
  -0.036601,
  0.226246,
  0.095496,
  -0.062162,
  0.053501,
  0.06111,
  0.143541,
  0.147566,
  -0.000083,
  0.135116,
  0.004315,
  -0.043115,
  0.028231,
  0.031571,
  0.012766,
  -0.103648,
  0.108054,
  0.009537,
  0.10135,
  0.198374,
  -0.120699,
  -0.050444,
  -0.045801,
  0.084156,
  -0.032743,
  -0.048658,
  -0.056858,
  -0.124699,
  -0.09918,
  -0.058271,
  -0.061287,
  -0.135424,
  0.082828,
  -0.133329,
  0.071663,
  0.026397,
  -0.076542,
  -0.121262,
  -0.082059,
  0.01422,
  0.022292,
  0.191341,
  0.225073,
  0.030785,
  -0.030472,
  -0.128407,
  0.021246,
  -0.014914,
  0.020395,
  0.012004,
  -0.032765,
  -0.058765,
  -0.103647,
  -0.084958,
  0.124048,
  0.051507,
  0.029453,
  0.139702,
  0.017547,
  -0.058046,
  0.034857,
  0.091087,
  -0.222246,
  0.029291,
  -0.145485,
  -0.038963,
  0.030137,
  0.104502,
  -0.009021,
  -0.020659,
  -0.185759,
  -0.191665,
  0.05409,
  0.072475,
  0.074253,
  0.070598,
  -0.036046,
  -0.001967,
  0.087985,
  0.00998,
  0.225777,
  0.010815,
  -0.072169,
  0.007433,
  0.073175,
  0.020693,
  0.07967,
  0.053625,
  -0.060747,
  0.046751,
  -0.140434,
  -0.074007,
  0.197074,
  0.058985,
  -0.002777,
  -0.162721,
  -0.084759,
  -0.004566,
  -0.101598,
  0.067664,
  0.000883,
  -0.053221,
  0.005183,
  0.079007,
  -0.065303,
  -0.113261,
  -0.029119,
  0.089076,
  -0.087662,
  0.04975,
  -0.028032,
  0.054123,
  0.02829,
  -0.023532,
  -0.052353,
  0.018143,
  -0.040258,
  0.094119,
  -0.003096,
  0.088948,
  -0.006061,
  0.02013,
  -0.107144,
  0.005616,
  0.077488,
  0.011038,
  0.012752,
  -0.01683,
  0.109825,
  -0.076366,
  0.092329,
  0.052658,
  -0.010643,
  0.084742,
  -0.077417,
  0.056112,
  -0.059064,
  -0.008088,
  -0.031105,
  0.010938,
  0.093441,
  0.027877,
  -0.066218,
  0.147774,
  -0.03288,
  -0.169374,
  0.05303,
  -0.072849,
  0.01107,
  -0.02197,
  0.107792,
  0.019577,
  -0.067159,
  0.031844,
  -0.072165,
  -0.061653,
  -0.05213,
  -0.024886,
  0.010654,
  -0.020635,
  -0.012192,
  -0.036491,
  -0.104431,
  0.050635,
  0.037593,
  -0.127184,
  0.094528,
  -0.050306,
  0.061924,
  -0.017887,
  -0.040595,
  -0.086614,
  0.062557,
  0.034022,
  0.038416,
  -0.024065,
  -0.006749,
  -0.058724,
  -0.036461,
  0.034536,
  0.009442,
  0.053194,
  0.082776,
  0.092128,
  0.057852,
  0.01847,
  -0.058785,
  0.044395,
  0.045184,
  -0.105881,
  0.070848,
  -0.124104,
  0.016984,
  0.070932,
  0.031091,
  0.018594,
  0.077972,
  0.077203,
  0.065367,
  0.09055,
  0.02502,
  -0.006703,
  -0.08367,
  -0.006618,
  -0.038295,
  -0.085485,
  0.006774,
  -0.032502,
  -0.100027,
  -0.021667,
  -0.07645,
  -0.048502,
  -0.030267,
  -0.096955,
  -0.065501,
  -0.064553,
  0.119346,
  0.011694,
  0.038306,
  -0.057182,
  0.104959,
  -0.048926,
  0.074554,
  0.032995,
  -0.059589,
  -0.003123,
  -0.073972,
  0.042766,
  -0.18623,
  0.053336,
  -0.034548,
  -0.006717,
  0.018394,
  -0.067065,
  0.06961,
  0.129262,
  -0.002607,
  -0.017336,
  -0.00675,
  -0.052662,
  -0.111687,
  -0.152716,
  0.145551,
  0.018769,
  -0.153593,
  -0.019733,
  0.069153,
  0.033005,
  -0.000359,
  0.006564,
  0.082094,
  0.027285,
  -0.052859,
  -0.060788,
  0.008937,
  -0.074588,
  0.06653,
  0.04159,
  0.000809,
  -0.064065,
  0.057524,
  0.043083,
  -0.095024,
  0.018424,
  -0.039405,
  -0.130265,
  0.101537,
  0.001624,
  0.066569,
  -0.045819,
  0.089822,
  0.005211,
  0.004489,
  -0.032716,
  0.003739,
  0.060286,
  0.05232,
  0.088498,
  -0.058234,
  0.041029,
  -0.003713,
  -0.101091,
  0.027188,
  -0.054465,
  0.024605,
  -0.015685,
  -0.052337,
  -0.079276,
  0.069616,
  0.005179,
  0.040521,
  -0.138279,
  -0.048115,
  0.018722,
  0.01724,
  -0.018207,
  0.065929,
  0.067646,
  -0.461423,
  -0.136634,
  -0.049667,
  -0.100747,
  0.063018,
  0.013198,
  -0.067158,
  -0.061289,
  0.121603,
  0.036425,
  0.091419,
  0.052498,
  0.009098,
  -0.057425,
  0.044289,
  0.031429,
  -0.098792,
  -0.06539,
  0.083872,
  -0.051442,
  0.012392,
  0.018637,
  0.036639,
  -0.03487,
  0.016894,
  -0.065766,
  0.040513,
  0.049146,
  -0.016842,
  0.034604,
  0.015396,
  0.061187,
  -0.073348,
  0.086847,
  -0.104481,
  -0.05879,
  0.038655,
  0.075539,
  -0.088343,
  -0.033317,
  0.018896,
  -0.075186,
  0.02134,
  -0.042362,
  0.003749,
  0.179425,
  0.04953,
  0.047727,
  -0.048989,
  0.091709,
  -0.20916,
  0.010736,
  0.056873,
  -0.005537,
  -0.036894,
  -0.151377,
  -0.011958,
  -0.002865,
  -0.033849,
  -0.252245,
  -0.016847,
  0.10645,
  -0.062727,
  -0.099569,
  -0.078906,
  0.00273,
  -0.10881,
  0.026263,
  0.001231,
  0.025585,
  -0.08351,
  -0.064773,
  -0.090595,
  -0.012265,
  -0.065588,
  -0.064352,
  -0.096774,
  -0.093681,
  0.089266,
  0.070509,
  -0.024108,
  -0.018947,
  -0.051289,
  -0.088897,
  0.009952,
  -0.023866,
  0.014332,
  -0.083254,
  -0.102346,
  -0.119905,
  0.03653,
  -0.108496,
  -0.089695,
  -0.001315,
  0.043548,
  -0.022539,
  0.017255,
  0.01807,
  -0.045991,
  0.002383,
  0.045545,
  0.037788,
  0.099429,
  0.006304,
  0.02528,
  -0.091669,
  -0.00934,
  0.088304,
  -0.019289,
  -0.063633,
  -0.103724,
  0.026007,
  -0.0244,
  0.118049,
  0.077069,
  -0.005424,
  0.131618,
  0.041143,
  -0.056522,
  0.050753,
  -0.087577,
  0.012947,
  0.035814,
  -0.020359,
  -0.056378,
  -0.099548,
  0.081512,
  -0.020439,
  -0.108861,
  -0.17924,
  -0.096336,
  0.062745,
  0.017378,
  0.086006,
  0.066136,
  0.055486,
  0.088611,
  0.016583,
  -0.050924,
  0.001798,
  0.132618,
  -0.082363,
  0.025537,
  0.061647,
  0.042521,
  -0.115927,
  0.071175,
  -0.041218,
  0.06429,
  -0.013489,
  0.093079,
  -0.073906,
  0.098057,
  0.027683,
  0.00361,
  0.030564,
  -0.012483,
  0.024878,
  -0.054588,
  0.110739,
  0.029526,
  0.140649,
  -0.075908,
  -0.129799,
  -0.037504,
  -0.039965,
  -0.267408,
  0.009653,
  0.055456,
  -0.077772,
  0.086139,
  -0.073905,
  0.196848,
  0.04797,
  -0.013598,
  0.025759,
  0.035068,
  0.052288,
  0.029765,
  0.003835,
  0.008132,
  0.017105,
  -0.132041,
  -0.027396,
  0.057094,
  -0.000423,
  0.102761,
  0.012828,
  -0.172451,
  0.018086,
  0.035131,
  0.058817,
  -0.011986,
  0.06341,
  0.026016,
  -0.00728,
  -0.064795,
  -0.017374,
  -0.082517,
  -0.062648,
  0.025521,
  -0.062512,
  0.021589,
  -0.029954,
  0.069285,
  0.073536,
  -0.003143,
  -0.068265,
  -0.020666,
  0.050561,
  0.017887,
  0.056643,
  -0.054463,
  0.056192,
  -0.041197,
  0.004972,
  -0.027108,
  -0.014557,
  -0.057791,
  -0.037476,
  -0.047454,
  0.145653,
  0.057137,
  -0.058591,
  -0.033984,
  -0.028535,
  -0.042158,
  -0.018948,
  -0.038424,
  -0.020145,
  0.182412,
  -0.105314,
  0.105064,
  -0.04042,
  0.021604,
  0.042443,
  -0.060091,
  0.009733,
  0.055633,
  0.047802,
  0.000769,
  -0.029524,
  -0.018744,
  -0.113664,
  0.032967,
  0.058955,
  -0.067996,
  -0.003503,
  -0.033641,
  0.01851,
  -0.007655,
  0.078537,
  -0.036369,
  -0.106322,
  -0.021047,
  -0.002578,
  0.039994,
  0.083151,
  0.071797,
  0.033183,
  -0.021713,
  0.009688,
  -0.027565,
  -0.001337,
  -0.145137,
  -0.058687,
  -0.029197,
  0.174747,
  0.013148,
  -0.036419,
  0.066164,
  0.007824,
  1.324357,
  -0.048914,
  -0.012743,
  -0.041184,
  0.040719,
  0.045516,
  -0.054981,
  0.103324,
  0.102813,
  0.020772,
  -0.024148,
  0.024254,
  0.069627,
  -0.004257,
  0.031995,
  -0.012532,
  -0.011879,
  -0.139389,
  0.096399,
  0.09068,
  -0.001773,
  -0.032254,
  0.047227,
  0.066707,
  -0.006611,
  0.112513,
  0.043733,
  -0.032309,
  0.077823,
  -0.031395,
  0.012985,
  0.098871,
  -0.163044,
  -0.003862,
  -0.188974,
  0.038306,
  0.052979,
  0.006021,
  0.095205,
  -0.017412,
  0.025326,
  -0.079947,
  -0.096422,
  -0.006339,
  -0.048683,
  -0.04361,
  0.151394,
  -0.079018,
  -0.080427,
  -0.013051,
  0.147555,
  -0.114475,
  -0.129614,
  -0.058282,
  -0.027442,
  0.067542,
  -0.150064,
  0.081228,
  -0.027325,
  -0.103992,
  0.006159,
  0.086095,
  0.019631,
  0.011179,
  -0.022596,
  -0.00029,
  0.018508,
  0.042609,
  0.108672,
  0.043716,
  -0.038586,
  0.027725,
  0.034177,
  -0.145437,
  0.061531,
  -0.112177,
  -0.025737,
  0.105132,
  0.102922,
  -0.139165,
  0.00752,
  0.130695,
  0.050967,
  -0.087232,
  -0.012461,
  -0.033256,
  0.036866,
  0.097885,
  -0.04403,
  -0.057671,
  0.037667,
  0.043887,
  -0.100485,
  -0.102833,
  0.071831,
  0.012677,
  0.022664,
  -0.086642,
  0.015194,
  0.108967,
  -0.005488,
  -0.001823,
  0.10817,
  0.013972,
  -0.070185,
  0.027517,
  -0.060944,
  -0.03401,
  -0.051228,
  0.044693,
  -0.012994,
  -0.006471,
  -0.002541,
  -0.015432,
  -0.015059,
  -0.0613,
  0.14617,
  0.063708,
  0.050221,
  -0.078686,
  0.073526,
  0.092667,
  -0.024911,
  0.089721,
  -0.004808,
  -0.058045,
  0.040834,
  -0.056555,
  -0.030887,
  -0.064982,
  0.058547,
  0.03848,
  -0.098574,
  0.025493,
  -0.04687,
  0.008517,
  0.016953,
  0.07613,
  -0.125361,
  0.003633,
  0.07638,
  0.082406,
  0.187587,
  -0.041619,
  0.02224,
  -0.009304,
  -0.019073,
  0.001788,
  0.043479,
  -0.050952,
  -0.069177,
  -0.126639,
  -0.062673,
  0.047987,
  0.029277,
  -0.117548,
  0.010161,
  -0.031769,
  -0.017972,
  -0.000097,
  0.029158,
  -0.022753,
  -0.007951,
  -0.080304,
  -0.026815,
  -0.03601,
  -0.00995,
  0.034725,
  -0.296935,
  0.150184,
  -0.004355,
  0.041546,
  -0.008885,
  -0.017992,
  -0.072226,
  -0.014206,
  -0.018953,
  -0.03146,
  -0.054857,
  0.08307,
  -0.104616,
  -0.028764,
  -0.011621,
  -0.080474,
  -0.116532,
  -0.019256,
  0.028602,
  0.031683,
  -0.141211,
  -0.010577,
  0.083172,
  -0.060705,
  -0.081895,
  -0.079274,
  -0.039011,
  0.104361,
  -0.056302,
  -0.021225,
  0.054235,
  -0.086125,
  -0.089772,
  -0.150238,
  -0.062067,
  0.017043,
  -0.063067,
  0.101288,
  -0.04708,
  -0.084482,
  -0.044778,
  -0.078409,
  0.023759,
  0.000705,
  -0.079057,
  0.089681,
  -0.003395,
  0.001481,
  -0.042842,
  -0.035225,
  -0.015292,
  0.012604,
  0.080186,
  0.134076,
  -0.059861,
  0.039446,
  0.085865,
  -0.037187,
  0.021739,
  0.068278,
  0.066362,
  0.073308,
  -0.077981,
  0.010466,
  -0.1441,
  0.14787,
  -0.103202,
  -0.009587,
  -0.045317,
  -0.030504,
  -0.03697,
  0.026841,
  0.04758,
  -0.005482,
  0.020409,
  -0.065602,
  0.001881,
  -0.091051,
  -0.06474,
  -0.029189,
  0.029831,
  0.158805,
  0.142823,
  -0.062405,
  0.117724,
  -0.140521,
  -0.030576,
  0.079241,
  0.024672,
  0.112133,
  -0.038244,
  -0.026488,
  -0.014439,
  -0.080411,
  0.031961,
  0.010392,
  0.027919,
  0.01924,
  -0.019043,
  -0.095118,
  0.040225,
  0.142032,
  0.034872,
  -0.046981,
  0.078342,
  -0.100582,
  0.039693,
  0.12732,
  -0.063595,
  0.086948,
  -0.021705,
  0.014665,
  0.004431,
  -0.056867,
  -0.231492,
  0.099736,
  -0.177334,
  0.158153,
  -0.016205,
  -0.061742,
  -0.014974,
  0.067591,
  -0.091723,
  0.157069,
  -0.114669,
  -0.033658,
  0.116107,
  4.62937,
  0.062869,
  -0.062623,
  0.069434,
  -0.003854,
  0.056536,
  0.161219,
  -0.01837,
  -0.048633,
  -0.126282,
  -0.032377,
  -0.092635,
  0.05305,
  0.174375,
  0.073915,
  -0.065191,
  -0.02534,
  -0.020811,
  -0.004667,
  0.004574,
  0.081393,
  0.084175,
  0.018659,
  -0.106359,
  0.059493,
  0.151094,
  0.005094,
  0.056859,
  0.007725,
  0.089431,
  -0.05394,
  0.118262,
  -0.171611,
  -0.054241,
  -0.119448,
  -0.127771,
  -0.015499,
  -0.034752,
  0.119825,
  0.186464,
  -0.055335,
  -0.003629,
  -0.029259,
  0.044411,
  0.195623,
  -0.008878,
  0.096327,
  0.025696,
  0.03478,
  -0.010903,
  0.215134,
  0.05547,
  0.010031,
  -0.006241,
  -0.06377,
  -0.08873,
  0.025305,
  -0.018226,
  -0.035704,
  0.000262,
  0.084283,
  -0.025236,
  -0.095169,
  -0.004813,
  0.022683,
  0.102195,
  0.018311,
  -0.030442,
  0.16517,
  0.134565,
  0.014147,
  -0.057114,
  0.097986
]
